860
12
12
3
14
17
13
in:
 0.4315853379590354 
 1.0005938065663513 
 0.26443188320464617 
 0.7118001754807718 
 0.08787498790134401 
 0.5445256849128088 
 0.41871858668620576 
 0.5265035271512039 
 0.8979569188102755 
 0.684621993468842 
 0.45333404198279276 
 0.13253079598430467 
 0.13366166748473535 
 0.6376923819925049 
 0.3077533646141159 
 0.0913626366508967 
 0.16151903721908784 
 0.9539757654894548 
 0.649356911619712 
 0.7395431969948554 
 0.610290897799797 
 0.6366492767303724 
 0.8484791721683681 
 0.22320422318905767 
 0.16568486065897675 
 0.18111901200048272 
 0.023463309709162206 
 0.8997010809472928 
 0.0011752919294924407 
 0.05324068334140128 
 0.25202976531596394 
 0.4599207821149061 
 0.017328120109413803 
 0.3996866272086542 
 0.2817932579330328 
 0.49855935201719903 
 0.8823231393590834 
 0.7425023043697938 
 0.7339035706327109 
 0.46856830256436277 
 0.10058393735521814 
 0.651961898861888 
 0.4645959579495339 
 0.4355207209314811 
 0.6606896008407426 
 0.8194588998085611 
 0.9784261880283935 
 0.9290189517038706 
 0.482319557097109 
 0.02299823993367892 
 0.6474183444481393 
 0.9383685519190944 
 0.8183323057134297 
 0.9170817896829119 
 0.13837966847715122 
 0.06510966513543778 
 0.08777402807453973 
 0.8615074143688582 
 0.2506539794873286 
 0.20913372235917124 
 0.4462659578837144 
 0.5118171662838689 
 0.26763897758774613 
 0.32411903973505113 
 0.8486337603935159 
 0.8217438506893868 
 0.15438089169841596 
 0.009826402296593477 
 0.808267732083216 
 0.42559724899577706 
 0.9890373610529917 
 0.5291618070701621 
 0.17714423520647848 
 0.10537025237756745 
 0.36209504569758344 
 0.03750244499619154 
 0.7514302464490187 
 0.23352706627389802 
 0.9487281525774541 
 0.16208565027119748 
 0.14816653166131633 
 0.23638679878112537 
 0.7752704966290155 
 0.7147894281124677 
 0.46279014567107263 
 0.49471341755497183 
 0.537489797588434 
 0.24316414534355912 
 0.11766712736346215 
 0.5333838894088545 
 0.17781963016932842 
 0.6312800824026983 
 0.5551769431487321 
 0.6105601692804952 
 0.41853989299902683 
 0.7361291595175188 
 0.94021989965839 
 0.7640581607256018 
 0.3888894525085101 
 0.13901274289722024 
 0.1857649302552922 
 0.6685163170482616 
 0.2029154643882605 
 0.66223524860686 
 0.05725471736189079 
 0.6286775601684208 
 0.7689431710693867 
 0.7318420097142625 
 0.41398526681079517 
 0.004184501506261192 
 0.49918160432655256 
 0.834709703768545 
 0.4865543474574073 
 0.2717786295306248 
 0.7570599923604734 
 0.7374502471091395 
 0.5586830099252615 
 0.035834739897532136 
 0.6147754522709705 
 0.9463162058208031 
 0.4220216181563247 
 0.9839474268883266 
 0.47499427072563943 
 0.13975262839885827 
 0.9245100401523415 
 0.29015079088178986 
 0.07962133489769294 
 0.93858912024859 
 0.5980541299704825 
 0.5201763885474616 
 0.18455227118717737 
 0.45629483649874375 
 0.2168447285930992 
 0.7207895486167026 
 0.7247318810908613 
 0.2123535253301122 
 0.8539945896838764 
 0.061080616853305535 
 0.7483781169416359 
 0.33079738484217225 
 0.5055138191101025 
 0.6809471818792597 
 0.833992535417068 
 0.4809461800280742 
 0.9649452882191756 
 0.20439673028006036 
 0.570973701382522 
 0.8943217635479844 
 0.48388522159448927 
 0.1403141143017051 
 0.5438372298184242 
 0.6454692842255936 
 0.8274698724799707 
 0.3929873264287747 
 0.6327198694725337 
 0.20658984428429653 
 0.7371302472239635 
 0.18827652613068038 
 0.8361881405688418 
 0.844353893298548 
 0.10074624412675783 
 0.6285283784543181 
 0.5482620375106677 
 0.6828275193843824 
 0.800086898891731 
 0.7920265310614476 
 0.664597999402185 
 -0.03824706247791254 
hid:
 0.3809718811722992 
 0.049441117783127334 
 0.5909483236751134 
 0.39067427451066816 
 0.28584661514987725 
 0.3163599671015413 
 0.6073185812666401 
 0.7343116062000349 
 0.9360723789992695 
 0.6970413040392247 
 0.6593979461205267 
 0.6739642766070959 
 0.7211446415047454 
 0.9289262999656799 
 0.662417962460822 
 0.1352874475057788 
 0.28331822582531757 
 0.1573098853152492 
 0.2945761691583157 
 0.13264364773362144 
 0.7716989156842975 
 0.9882271909693697 
 0.3031267978819856 
 0.6705321795099408 
 0.7120668881165505 
 0.41720067859939824 
 0.6918640404471521 
 0.29854280277054907 
 0.5566027561242607 
 0.0733937965250081 
 0.9153382817711851 
 0.7399726479266754 
 0.3224364134759546 
 0.6084675939672726 
 0.39235412624283816 
 0.4631869024502564 
 0.6439537049853223 
 0.9980092114301476 
 0.9528708219379262 
 0.3228730087105598 
 0.7398887917743968 
 0.869166490324482 
 0.2772544633184233 
 0.9243399004854892 
 0.9082694627370447 
 0.10195443136780008 
 0.5359870654215393 
 0.18924020056699484 
 0.16021620500796901 
 0.28283576701978724 
 0.3405904734148535 
 0.821192694157916 
 0.23534678345509522 
 0.7847997101629496 
 0.8640242626239943 
 0.9117821801989806 
 0.6062280039767335 
 0.7503387739163999 
 0.39244376377258416 
 0.2732303287408864 
 0.7625270266226291 
 0.3055902433101032 
 0.9487722700882477 
 0.6456267796589629 
 0.31132942747170345 
 0.12606509306602742 
 0.5402232639032833 
 0.43447107834083204 
 0.16613915684430453 
 0.3980420845152066 
 0.5310562857765154 
 0.2205770824251025 
 0.8769077203919384 
 0.1617352597446796 
 0.2284812600259719 
 0.7933104102136044 
 0.2005418006447555 
 0.1319565199323109 
 0.06592785861546033 
 0.1920655389118258 
 0.5358625968715769 
 0.806736857309784 
 0.07256528337263433 
 0.7271043147044817 
 0.44290066457693245 
 0.06651003117081856 
 0.2447875300790367 
 0.8501328983515102 
 0.5101707177905479 
 0.18440474618437194 
 0.9334710716151801 
 0.23057491221922055 
 0.025071734453695597 
 0.7119216615577559 
 0.44890404710420734 
 0.291219172966876 
 0.4868187851388735 
 0.21995031391719497 
 0.6519673616320687 
 0.2067827857008896 
 0.732321124567275 
 0.7916853415530076 
 0.9686461840323354 
 0.10364475891383487 
 0.6591312789293223 
 0.5853456868234415 
 0.7757922157877282 
 0.9741898609707628 
 0.8138118670899618 
 0.7616679860287727 
 0.02456938643220239 
 0.20313619902885457 
 0.7774915925675097 
 0.6085508656731865 
 0.018020944288125104 
 0.4837330482666333 
 0.31476710121844725 
 0.666500012709433 
 0.919143080938851 
 0.999750130927736 
 0.26100248789829966 
 0.3024818964728774 
 0.12187327754938145 
 0.7825931613250336 
 0.8968279009384384 
 0.3045290489433813 
 0.7336481063321647 
 0.7738119740088072 
 0.20176087475497842 
 0.5404184165002108 
 0.6725857293058354 
 0.6522037609120409 
 0.26904765181124607 
 0.15521154346631488 
 0.4964322083418132 
 0.01869775814649085 
 0.9399346652917294 
 0.1569427462679519 
 0.8440865043153639 
 0.16540515399092295 
 0.8502749392609497 
 0.739215298003951 
 0.750768374549609 
 0.1825244895583015 
 0.4537636373533714 
 0.42787798581296704 
 0.11879097503799327 
 0.929923800577785 
 0.2867172712605004 
 0.09758793897707034 
 0.8580728090445141 
 0.9415117883005197 
 0.7376002887086489 
 0.2512221400438611 
 0.590530751129532 
 0.1479952573447506 
 0.8258986753119467 
 0.8072930162478336 
 0.6357811151689055 
 0.06049125251248208 
 0.98712301928351 
 0.9671638342076799 
 0.2482360280212163 
 0.6642587823094233 
 0.7474941920043766 
 0.6684679043755244 
 0.8659493027823181 
 0.3564326558097044 
 0.16640975238119005 
 0.6142150240414043 
 0.4316175933475489 
 0.7853866229221914 
 0.4021047786723567 
 0.8194105392096172 
 0.08868629894395914 
 0.5100756773028385 
 0.38679798555169026 
 0.10938487451940695 
 0.35736745265887043 
 0.4339766668199828 
 0.4318710006490059 
 0.0863005019810236 
 0.6308460201279136 
 0.4074238486241467 
 0.03537897356804414 
 0.5841109156093859 
 0.368897939783325 
 0.958116844520539 
 0.34252792496167545 
 0.802963019853697 
 0.5931146590433066 
 0.6106908563952184 
 0.8012037807003085 
 0.9582580316825868 
 0.3267040915973843 
 0.6781585894373261 
 0.45487877867695 
 0.3138023314044843 
 0.4886811811210949 
 0.03392226303440643 
 0.6867140752475811 
 0.35211898961543653 
 0.2799893307769273 
 0.9542743567996448 
 0.8324503744730725 
 0.9761823962105849 
 0.6491620631583419 
 0.726035288212017 
 0.016391997623594813 
 0.14005754325923347 
 0.3968205297937573 
 0.3797965282745769 
 0.869212428553932 
 0.37978201002829615 
 0.588084919079308 
 0.5765407365992103 
 0.8998952749097479 
 0.3590586441184268 
 0.6624588628222143 
 0.3626351964975043 
 0.5500135445961664 
 0.04710135931852317 
 0.9798485102398069 
 0.2965338193715965 
 0.49355051236546654 
 0.20616104764469517 
 0.048970217472811835 
 0.25690915741319165 
 0.484167787841235 
 0.8382141693254153 
 0.8317572633679633 
 0.8797069306146659 
 0.27290009652026825 
 0.688001170007783 
 0.8432700144735892 
 0.6984267951121286 
 0.35422734415142465 
 0.8944877868463632 
 0.19894587722479767 
 0.5018262906005837 
 0.02545154694221965 
 0.4013389999777543 
 0.5932048446492744 
 0.9832229345484654 
 0.2943816279286933 
 0.7374208922122898 
 0.21218110040079588 
 0.6510082187914978 
 0.2699619823161704 
 -0.1250161610900273 
 0.36387965860260446 
 0.3701059806594408 
 0.7176550290096451 
 0.07130342834912827 
 0.663018149608426 
 0.4557629031644226 
 0.534932265001685 
 0.48860547866485304 
 0.8229265503127526 
 -0.24443289398834261 
 0.5017624051962685 
 0.8681573666648744 
 -0.5017411750536254 
 -0.19963868658945397 
 0.9041472031808306 
 0.17003288318245358 
 0.4172560512937432 
 0.43679728973061316 
 0.8540584678377342 
 0.7193095611273657 
 0.4333484863806708 
 8.61365127149123E-5 
 -0.050425685307342434 
 0.22932981696859617 
 0.2921196295197396 
 -0.2590368657713988 
 -0.361678810556667 
 0.4054751448461478 
 0.09515833858403477 
 0.6276802885238307 
 0.5372387613111991 
 0.11146174808699227 
 0.25309803629664845 
 0.4626647037514216 
 0.3988499146033246 
 -0.11431613547129328 
 0.943487330483973 
 0.32448208899138675 
 -0.5749228656950827 
 -0.49254184179458543 
 0.8369744171882243 
 0.7585685669338461 
 0.7520417373901448 
 0.5925377912705175 
 0.9683667318678287 
 0.6533019311925948 
 0.8085511433139567 
 0.49349885146990946 
 0.39570617393411345 
 0.7108921898349828 
 -0.02182376880716075 
 -0.5511655316934732 
 -0.5204971586246621 
 0.2554733564528349 
 0.44659085107920204 
 0.5712225830892605 
 0.3878192488712774 
 0.5597959382828287 
 0.483258942947018 
 0.3443587810880984 
 0.5098391821614435 
 0.2055756731019513 
 0.15696945205603693 
 0.8344486539714787 
 0.11246831315457366 
 -0.015583743951211846 
 0.47748767557234056 
 0.19444547079355434 
 0.470118812160368 
 0.7729942671906638 
 0.7775155158970032 
 0.597709137418732 
 0.3809058782734362 
 0.0021825512374202315 
 0.11486337789747608 
 0.9326023792382094 
 0.06528474673660618 
 -0.09683195689412433 
 0.3340099542432647 
 0.2921074013090691 
 0.09273604769924414 
 0.07302877570195013 
 0.5596793569414658 
 0.04069855389041903 
 0.5827463752565597 
 0.8799847004146731 
 0.2695448505597773 
 0.412569404333706 
 0.7304631510330994 
 0.5847318907930733 
 -0.39021099799630743 
 -0.09003092800036262 
 0.15089144750813693 
 0.21676600117034903 
 0.5248789239064298 
 0.5392504206393866 
 0.28122348251223483 
 0.7302163300688991 
 0.5740639991040325 
 0.39061593045750775 
 0.5170294516099965 
 0.8128921320680108 
 0.05884686336338651 
 -0.45134081541999077 
 -0.40902893503630244 
 0.4778566238654741 
 0.7463426546059612 
 0.9038533937058513 
 0.16990836763716285 
 0.8994496845905767 
 0.9739889390825345 
 0.3002980805812121 
 0.2858361460257887 
 0.20613055916610784 
 0.8352740764318639 
 0.15743342872783694 
 -0.32800568796986757 
 -0.18476293720654677 
 0.2999741717912893 
 0.6285076317746534 
 0.4920837558885729 
 0.8247273902321686 
 0.09126691613044347 
 0.2337115899685908 
 0.3148092570448669 
 0.8255691720714174 
 0.27170784259992553 
 0.5442115571952477 
 0.04830791248630173 
 0.3568569683091678 
 -0.5054020634737291 
 0.6045167662616253 
 0.6549982294430499 
 0.10700076464677699 
 0.1991930483442253 
 0.9200966407317889 
 0.886450142849996 
 0.020275860382342976 
 0.48685283211199104 
 0.4247397220443277 
 0.6632273611503328 
 0.8474595518970293 
 0.19546929530175422 
 -0.43768872217458676 
 0.8416329843234283 
 0.46808208352427483 
 0.6450472987154123 
 0.7787050631050276 
 0.5099641130283746 
 0.9521175973516556 
 0.060056464547649256 
 0.6422093025073758 
 0.0536255233468948 
 0.9589100694969304 
 0.5413218109870186 
 -0.39384376778486613 
 -0.3203124105585659 
 0.7666404786018118 
 0.3065118505772153 
 0.5203732262035513 
 0.3899108368234028 
 0.4637710510955868 
 0.5449518331416873 
 0.21709659320831362 
 0.21864236357007258 
 -0.01637161971120471 
 0.32099083930646133 
 0.5758508919615175 
 -0.5432899648929277 
 -0.5258881521315146 
 0.27739507201574815 
 0.8795597338323627 
 0.7682179862171683 
 0.20441148583183205 
 -0.008375264147213655 
 0.48938979487902107 
 0.8012195057422569 
 0.27832425205341854 
 0.15761695758484573 
 0.9484348650040757 
 0.04577631517870575 
 -0.3161260244621955 
 -0.1932527613663133 
 0.11678940394347215 
 0.6271030275156225 
 0.5690744895843157 
 0.7162505345087848 
 0.5059745696780621 
 0.7214909995599117 
 0.07195696418293326 
 0.6498392606700174 
 -0.03398909015598085 
 0.3063624376062776 
 0.7826127030743465 
 -0.20942020198767905 
 -0.01646274360379324 
 0.8302243171271163 
 0.2089253453912535 
 0.9233396849304591 
 0.5318387452172518 
 0.3299401336886181 
 0.4448336687958619 
 0.0863835988343338 
 0.4321998085513227 
 0.3406965537275093 
 0.6339872145122064 
 0.5141187276490533 
 -0.09067676057058328 
 0.0694069549155101 
 -0.12439934931762413 
 -0.07334477572602782 
 0.3104239672878593 
 -0.5188233598738128 
 -0.42924278571227886 
 -0.25018666824450236 
 -0.3365693312505156 
 0.10517879771159164 
 -0.10405726194376862 
 -0.006300879665698574 
 0.42736702519705483 
 0.014026536349507379 
 0.3557750431798117 
 -0.09636584094495566 
 -0.22125327851625046 
 -0.017906342256131372 
 0.1107757772488905 
 -0.5919870086793032 
 0.23348129645790502 
 -0.138559901984022 
 -0.14762371785706746 
 -0.4065266216483176 
 -0.054030822347674305 
 0.11585735673049327 
 0.01252676293158716 
 -0.32896286760518734 
 -0.26649714966493226 
 -0.1565187868814384 
 -0.244285753542082 
 -0.4920177347808818 
 0.22734332424401 
 0.10846995893456904 
 -0.3423383890251826 
 0.29135574386237095 
 0.3248018473230211 
 -0.08766399065342396 
 0.24366333375030144 
 -0.2561598006642568 
 -0.09238532390136324 
 -0.321298512745547 
 0.21972197524472542 
 -0.29650885104662816 
 -0.39149780815195784 
 -0.30131897057682294 
 0.25765900754891075 
 -0.2897052126944025 
 0.05384829006122693 
 0.1237173109976455 
 0.022391188825757233 
 0.4077990348709272 
 0.12412702196009262 
 -0.3162803587344782 
 -0.5712584828497148 
 0.3358555427346433 
 -0.4948186352990305 
 -0.43075251564091754 
 -0.28940535717255916 
 -0.14746930757504842 
 -0.3793933390824396 
 -0.034118553267963724 
 0.3204059409734046 
 0.43498924541318457 
 0.24739504547062713 
 0.17520551059930267 
 -0.4514017534781865 
 -0.28875857228680085 
 -0.09047324198755817 
 0.31624881153118467 
 -0.012973337697568314 
 0.10893191834463492 
 0.086775401944559 
 -0.44953727450168907 
 -0.08889162625081624 
 -0.1888082069104961 
 -0.4517066310758332 
 -0.007802326052226666 
 0.2500895129072713 
 0.236137038867365 
 0.06435260029306214 
 -0.515686989622883 
 -0.5887547746355293 
 0.001941132075584039 
 -0.3162178515649161 
 0.011014135105729794 
 0.11293540275812709 
 -0.3344666530219782 
 0.29089877159092087 
 -0.11248342532216968 
 0.2269363460988139 
 0.25432481919028127 
 -0.09064477186947632 
 0.30321170018118304 
 0.04603924505069738 
 -0.27723165133631 
 -0.2464055592818517 
 -0.1753423847255807 
 -0.2603168866431298 
 0.1991913911899594 
 -0.036773721822462545 
 -0.06606827668608645 
 0.33384393120705114 
 -0.15064173376475812 
 -0.4986649329563343 
 -0.27106393808990925 
 -0.6379797171987426 
 -0.10932730504834388 
 -0.3438878385219701 
 -9.061552066835527E-4 
 -0.3785374562124406 
 -0.18971281310989518 
 -0.6240746066692965 
 0.1689423368821043 
 0.09620924489245912 
 0.091174099034548 
 0.3202947938879996 
 0.18185150225543711 
 0.19485580784281825 
 -0.4154175775393002 
 -0.15971186359961884 
 0.05449938699575389 
 -0.41846185410562386 
 -0.171086415772463 
 -0.5316420374165511 
 -0.08240067066689376 
 -0.15945208962903837 
 -0.08023548910453684 
 -0.13165499490946084 
 -0.07897019265153157 
 0.2710363444892267 
 -0.10471913482619981 
 -0.04571437398528458 
 -0.2258850781625766 
 0.1668762085896529 
 -0.09797068981152396 
 0.07744066336229304 
 -0.3071999061737298 
 -0.03820837891446682 
 0.24407298252985163 
 0.34842114264561325 
 0.1559245274880727 
 0.2458241740012358 
 0.28057071963603963 
 0.26008431658903297 
 -0.43677802764043827 
 -0.10378622771357898 
 0.05603575536068078 
 -0.46188702728382497 
 0.095405245712482 
 -0.2357021098370937 
 -0.11088781834603284 
 0.024657987039332578 
 0.12897218950328992 
 0.316133065482795 
 -0.4177376854163476 
 0.45425614957392274 
 0.17533699362174204 
